%YAML:1.0
# OpenLORIS-Scene corridor1-2, T265 dual-fisheye stereo + IMU (VIO). Auto-generated.
# body = T265 IMU; cam0/cam1 T are IMU->fisheye1/2. intrinsics reordered [fx,cx,fy,cy]->[fx,fy,cx,cy].
image_height: 800
image_width: 848
use_imu: 1
depth_lower_thr: 0.1
depth_upper_thr: 10.0
max_y_diff: 2
distortion_type: 2
cam0:
  intrinsics: [284.9808959961, 286.1023864746, 425.2443847656, 398.4675903320]
  distortion_coeffs: [-7.3047108017e-03, 4.3499931693e-02, -4.1283041239e-02, 7.6524601318e-03, 0.0000000000e+00]
  T_type: 0
  T:
  - [-9.9992633142e-01, -4.9039224757e-03, 1.1103300579e-02, 1.0699210334e-02]
  - [4.9341275781e-03, -9.9998419659e-01, 2.6946141507e-03, -5.2795150761e-05]
  - [1.1089910930e-02, 2.7492007439e-03, 9.9993472576e-01, -1.1866200220e-04]
  - [0.0000000000e+00, 0.0000000000e+00, 0.0000000000e+00, 1.0000000000e+00]
cam1:
  intrinsics: [284.8125915527, 285.9760131836, 427.6615905762, 397.1234130859]
  distortion_coeffs: [-6.3794981688e-03, 4.1455611587e-02, -3.9464488626e-02, 6.9808149710e-03, 0.0000000000e+00]
  T_type: 0
  T:
  - [-9.9998975212e-01, -1.7762055351e-03, 4.1642216575e-03, -5.3277739371e-02]
  - [1.8032009396e-03, -9.9997732733e-01, 6.4879343814e-03, 1.1353460694e-04]
  - [4.1526033385e-03, 6.4953768223e-03, 9.9997028254e-01, 1.9279706451e-04]
  - [0.0000000000e+00, 0.0000000000e+00, 0.0000000000e+00, 1.0000000000e+00]
rate_hz: 200
gyroscope_noise_density: 1.6968e-04
gyroscope_random_walk: 1.9393e-05
accelerometer_noise_density: 2.0000e-3
accelerometer_random_walk: 3.0000e-3
g_value: 9.81007
